008.jpg
6
601 222 16 27
617 223 16 27
634 223 15 27
649 224 16 27
673 224 13 27
686 225 17 27
011.jpg
7
510 218 14 28
526 218 14 29
542 219 16 29
564 221 15 27
580 221 14 28
597 222 14 27
612 223 15 27
013.jpg
6
511 207 13 24
527 207 13 25
544 208 13 25
565 209 13 24
595 211 15 23
612 211 15 24
014.jpg
6
541 261 15 30
558 262 15 29
574 262 16 29
591 262 15 29
613 262 15 30
629 263 16 29
017.jpg
6
492 230 5 27
504 230 14 27
520 230 14 27
536 231 14 26
557 231 14 27
572 232 15 26
22.jpg
6
343 377 14 59
366 377 29 60
400 378 29 60
430 380 31 60
473 380 32 60
507 382 30 60
23.jpg
6
471 390 32 65
506 393 32 64
551 394 14 64
575 395 33 66
624 397 30 64
657 397 34 66
32.jpg
6
559 562 12 55
575 563 28 56
605 565 25 55
631 566 27 55
667 568 28 55
694 569 28 55
33.jpg
5
513 444 23 47
546 446 22 47
573 448 23 46
599 449 22 47
626 450 23 47
34.jpg
0
35.jpg
6
352 483 25 51
380 482 25 52
409 479 27 54
437 478 27 55
476 477 27 54
505 476 26 54
36.jpg
6
542 346 13 59
567 347 27 60
593 349 31 60
624 351 32 60
665 353 34 59
698 356 33 59
38.jpg
6
184 401 31 64
219 401 32 65
253 401 33 65
300 401 13 65
334 401 34 66
371 403 32 64
39.jpg
6
501 603 19 46
524 603 22 47
558 605 19 45
582 605 20 46
605 605 21 46
631 606 20 45
41.jpg
6
625 578 22 42
649 579 23 42
673 579 23 42
698 579 22 43
731 580 21 42
753 581 22 42
42.jpg
6
420 573 21 44
443 574 20 44
467 576 20 44
489 577 22 44
521 577 21 47
544 579 21 44
43.jpg
5
454 658 26 51
497 662 9 48
517 663 23 49
544 663 24 50
571 665 25 50
47.jpg
6
121 531 27 64
151 531 27 65
189 533 28 64
220 533 27 64
251 535 28 63
282 536 27 64
48.jpg
6
510 416 27 54
543 417 26 53
573 417 27 54
604 418 27 55
646 419 27 53
677 419 26 54
49.jpg
6
476 608 25 51
502 609 24 51
528 609 25 52
554 611 25 51
589 613 26 51
615 613 27 52
